[0][0][0][0][0][1][1][1][0][0][0][0][0][0][0][0][0][0][0][0][0][0][1][1][1][1]
[0][0][1][1][1][1][1][1][1][1][0][0][0][1][1][1][0][0][0][0][0][1][1][1][1][1][1]
[0][1][1][1][1,3][1][1][1][1][1][1][8][1][1][1][1][0][0][0][0][1][1][1][1][1][1][1][1]
[0][1][1][1][1][1][1][1][1][1][1][8][1][1][1][1,9][1][0][1][0][1][1][1][7][7][1][1][1]
[0][1][1][1][1][1][1][1][1][1][1][8][1][1][1][1][1][1][1][0][1][1][1][7][7][1][1][1]
[0][1][1][1][1][1][1][1][1][1][1][8][1][1][1][1][1][0][0][0][1][1][1][1][1][1][1][1]
[0][1][1][1][1][1][1,9][1][1][1][1][8][1][1][1][1][1][0][0][0][0][1][1][1][1][1][1]
[0][0][1][1][1][1][1][1][1][1][1][8][1][1][1][1][1][0][0][0][0][0][1][1][1][1]
[0][0][0][0][0][0][0][0][0][0][0][0][0][1][1][1][0][0][0][0][0][0][0][1][1]
[0][0][0][0][0][0][0][0][0][1][1][0][0][1][0][0][0][0][0][0][0][0][0][0][1][1]
[0][0][0][0][0][0][0][0][0][0][1][0][1][1][0][0][0][0,2][0][0][0][0][0][0][0][1][1][1]
[0][0][0][0][0][0][0][0][0][0][1][1][1][0][0][0][0][0][0][0][0][0][0][1][1][0][1][1][1]
[0][0][0][0][0][0][0][0][0][0][1][0][0][0][0][0][0][0][0][0][0][0][0][0][1][1,6][1][1][1]
[0][0][0][0][0][0][0][10][8][1][1][1][0][0][0][0][0][0][0][0][0][0][1][1][1][0][1][1]
[0][0][10][10][10][10][10][10][0][0][0][0][0][0][0][0][0][0][0][0][0][0][8]
[0][10][10][10][10][10][10][10][0][0][0][0][0][0][0][0][0][0][0][0][0][10][10]
[0][10][10][10][10][10][10][10][0][0][10][10][0][0][0][0][0][0][0][10][10][10][10][10]
[0][10][10][10][10][10][10][10][0][0][0][10][0][0][0][0][0][0][10][10][10][10][10][10]
[0][0][10][10][10][10][10][10][10][0][0][10][0][0][0][0][10][10][10][10][10][10][10][10][10]
[0][0][10][10][10][10][0][10][10][10][10][10][0][0][0][10][10][0][10][10][10][10][10,9][10]
[0][0][0][0][0][0][0][0][0][0][0][10][10][10][10][10][0][0][10][10][10][10][10][10]
[0][0][0][0][0][0][0][0][0][0][0][0][0][0][0][0][0][0][0][10][10][10][10]
